0.7387725133638994
0.6742798500717141
0.6779063150693171
0.691829139149876
0.6922259470435226
0.712971891311958
0.7538226016289782
0.7730017123283518
0.7383934415273039
0.749499155807413
0.6627641968187047
0.598394216524102
0.6903710158667014
0.6814110952022113
0.5569089968858849
0.6529816556662923
0.630733378941408
0.776622111886525
0.6847744417094453
0.630068074216292
0.7465915738116646
0.6812498855387324
0.6800635494751305
0.64452132563622
0.6120268529257545
0.6322053552845377
0.6955599973349108
0.6889598114574251
0.6009008442686289
0.7108805522455545
0.6950667971189077
0.67741083810738
0.6546007562390885
0.7275538326935846
0.7098956820830288
0.6966945332933715
0.7123438742090851
0.7417580237768556
0.6609393963584251
0.7222669544549768
0.6726886865358933