0.7394696930581394
0.6393409320491534
0.7185441711622718
0.7062587739311103
0.6738493587111595
0.7033029898436048
0.7607874784554042
0.7301877047643024
0.7626487509148752
0.7109390265803365
0.6544715023114492
0.6017790568660497
0.6862973668289106
0.6805676514171664
0.6719208127217039
0.6410811216387243
0.6241291723731156
0.7553732107054678
0.6985344652153632
0.6449938213375168
0.7497938890836741
0.6874835526868398
0.6486451549253642
0.642195943803062
0.6093314018687391
0.6293388290346524
0.7003703781220393
0.6772682386178108
0.5620780373824957
0.7387059910053526
0.7249851261365791
0.6975024643283375
0.6497556936264762
0.7380903585498408
0.7321246252831634
0.6973567120535313
0.7240559434397366
0.7045931320385442
0.6739458727857579
0.7258006404634597
0.6638085132700451