0.8072154300366884
0.7036112590636474
0.756981410570132
0.6957618356643577
0.6398435098483186
0.7424275689979002
0.7803664076307762
0.794929799294661
0.7579200904929485
0.7620694774244899
0.7232050180203845
0.6859652604955574
0.7460565686678733
0.7318291806341185
0.7292502523656887
0.8466923993945594
0.7152195550380396
0.8595250359180064
0.7374430022184149
0.7226350988070558
0.7648144931092584
0.7974230148292788
0.7391932256460795
0.6978326820314564
0.7357056964421541
0.8063898057147298
0.7473918272828468
0.7930472407163521
0.6138133094261282
0.7776693371999831
0.7397984295762999
0.7610334222484605
0.7676469441370105
0.7859487395794769
0.75402618424443
0.7185250823915755
0.7240962998957776
0.7766891895669233
0.7464190761181281
0.7607379747716931
0.752927035408008