0.7753925308521696
0.6753945567119058
0.5725123244177859
0.6676229907215272
0.6108818001706986
0.6269475278487125
0.7226135612858768
0.7662694162849193
0.8286204060545463
0.7489623143832843
0.6665243067538911
0.5731414474014961
0.5787549446216307
0.5740479593875121
0.558335385237402
0.6538025176400223
0.633655726110251
0.7631465263666697
0.6184407871201083
0.5050797603947129
0.7584778838917362
0.5491641345212684
0.5281710777627169
0.46968141821179304
0.6303976570443794
0.6354209168385608
0.6592835652697884
0.7175181249546391
0.46923515933593674
0.7032303652753442
0.7768740139686053
0.6142908934724374
0.6341938779716497
0.7109540919978534
0.5733261724991804
0.6764196182924197
0.6249194646712549
0.7215306872707172
0.622214148304963
0.6191828733615045
0.5299256966000818