0.7533319998607826
0.713776873990094
0.6066506237313102
0.6813325656636415
0.4742449750685566
0.7175745625336206
0.7567919291285903
0.6896909040042069
0.8312317196235742
0.7031513097208774
0.6081622753184215
0.5425466392870913
0.6384603180450549
0.5213064673458003
0.7152107962423789
0.5757957439409321
0.6248890207672808
0.8086438476102933
0.5455161978951695
0.47780869315404834
0.7669573021868337
0.6253989135907088
0.6524360269102427
0.5288667323827881
0.5519887874157194
0.5149372177141651
0.6402745501079343
0.6491286037771486
0.44169234244759853
0.6310360001780964
0.6049347916004004
0.5871542335703186
0.6627757430984373
0.7826680262454742
0.5968519354394958
0.664660805424225
0.6667305126043912
0.7332903603359248
0.598460965026987
0.6216274713222698
0.48835592607703665