0.7955565005318331
0.7866206853670518
0.6723343150149377
0.7468231858064498
0.7090489077941936
0.7927871293695399
0.704586834316772
0.7812390750502379
0.8116331804875766
0.7998946413653838
0.7129756161230992
0.7302251570389828
0.7294650218401746
0.581157948694479
0.7181968902317403
0.7319676382896824
0.6866637008581217
0.7922441132543724
0.7066701492822732
0.5991190273371432
0.8062773904340853
0.754694498935729
0.6619328907714288
0.705486877399614
0.7019685997709104
0.5789600476751692
0.7453667693545785
0.6775676332347637
0.6061339196255751
0.727785404618578
0.7061893524036058
0.6532349557733033
0.7229436121827258
0.7840451137387119
0.6988490239155101
0.6906243381790278
0.7199537942640192
0.824096153374231
0.6715726797918197
0.7108481829577326
0.5862118597191739