0.8181006303794706
0.7376493926523496
0.6950213212083042
0.7289300215473408
0.7888466680325837
0.8111752844529422
0.634769864433351
0.6820420284906191
0.7662718934466611
0.7744519826759143
0.7043419021396241
0.7571305047159781
0.7494873170337323
0.713759352091567
0.7997379850614377
0.6377476533819755
0.7132071805161827
0.8045414375045906
0.6561326187819138
0.6268302335266283
0.8238057277123026
0.773233125622206
0.6307112988984598
0.693794717722357
0.661072422087168
0.6043065760557366
0.7353815146498774
0.713699765923889
0.6539066646848655
0.7781146172407822
0.6389839508663644
0.7016754708912336
0.6356135833530838
0.8254605730131768
0.7191201861620546
0.6826481522127057
0.6217046423991898
0.7781340741937792
0.6029385955577253
0.7508000269545995
0.6787548985760938