0.687071270085709
0.672267485009242
0.5882291153370552
0.6991777921688017
0.5491076967000337
0.4677076539824685
0.7517882228124918
0.48868311872833425
0.781253734682103
0.6369477951768427
0.552520010975768
0.614883415851783
0.5577655719983624
0.5883236645123218
0.6824254582963294
0.5487310103132056
0.6230662136454315
0.7339682290208491
0.45416701737226
0.47052919058647036
0.7113978421350935
0.6220051427539718
0.41181787564970584
0.3907013750074018
0.5697438413823314
0.44600151100010627
0.717797443665531
0.6493740290754003
0.3955193495020185
0.7644133266500662
0.6566634849959018
0.6039993085537639
0.574644685172221
0.6279359790938879
0.49699631699714886
0.6931650692435694
0.6761520986128663
0.7416594474874488
0.566722753289617
0.6557151200229566
0.5690593595268839