0.7999467637408009
0.6996604295029109
0.6362482857554932
0.7066544829295904
0.48499644134792974
0.6774251395938101
0.7808585820360148
0.7488019879839967
0.6863791113907027
0.7454226711104258
0.6953398299489283
0.5448963743937242
0.6638546816833717
0.6380830343859697
0.7148555006187334
0.42189984425197813
0.6246135121164174
0.7842317892680738
0.43653730596111795
0.585889971224142
0.7170153985817059
0.7631577258280506
0.44477402443841796
0.630943009600701
0.39520207376230465
0.5581665310737557
0.7384083488632542
0.6509331826448331
0.6053979363952782
0.5989432699379322
0.4385406166572292
0.559689712327247
0.5601040330302108
0.6683110471772953
0.5824044771106915
0.5928923083988514
0.5122796192568899
0.7098495525750455
0.6511241764431057
0.41201348332799936
0.6284782754283862