0.7999467637408009
0.6996604295029109
0.6362482857554932
0.7066544829295904
0.48499644134792974
0.6774251395938101
0.7808585820360148
0.7488019879839967
0.6863791113907027
0.7454226711104258
0.609223103327006
0.5716698065971024
0.6638546816833717
0.6380830343859697
0.7148555006187334
0.6289773417431463
0.6586019639661045
0.8040246531805384
0.5737979060937235
0.585889971224142
0.7170153985817059
0.6680219448511946
0.7026716756245155
0.630943009600701
0.632854744399678
0.6423932899282053
0.6662660111489459
0.6716345552776005
0.6053979363952782
0.7278919882693823
0.6849036088415886
0.7224738618308775
0.7293789475297482
0.7653470694262189
0.6792638508790235
0.7334125297186974
0.6894980504363667
0.7098495525750455
0.6511241764431057
0.6333089938061496
0.6284782754283862