0.8206438487606037
0.7182833643216575
0.6947238988319684
0.7682054524152564
0.7496027274197578
0.824281717399715
0.7759402947936662
0.8170431228229976
0.7762084702742306
0.8154646704504607
0.7376533738310856
0.7659614117426351
0.7857143612420389
0.7638633954397663
0.8809731415484209
0.7063005771137653
0.7356795850836214
0.8285773176117949
0.8411570451469558
0.6573455563776187
0.8572413798573574
0.7278984298411061
0.7225413771286644
0.7370885107220965
0.6904747433619708
0.7559549791549904
0.7862595725892917
0.6598870362200924
0.7016812607503626
0.7673978485646676
0.7391234064111429
0.7519483801862659
0.7812561611597124
0.7916637837291183
0.7468310395314315
0.7856763394564484
0.7759186112026865
0.751468885805734
0.745809632282489
0.8629054764567587
0.7838691998374264