0.7735300256076582
0.7088773873329164
0.6948474770477592
0.7078647943250721
0.6596128323336864
0.8513575510987771
0.8444626956557446
0.8164205306569973
0.8069567925406439
0.8541148818553188
0.7149820144783947
0.7588655916513364
0.7838532728368367
0.7446352651319089
0.9091329305169099
0.6877704545329014
0.7606112166412838
0.8061222562085888
0.7993624288906696
0.7572661376602006
0.8500176323015536
0.7294158135113489
0.6937788430261449
0.7687788865157196
0.7070707346039558
0.7632210773352406
0.7858363181413107
0.6024783452717923
0.6554013176314057
0.8108699446658648
0.7455627478894572
0.8279485789294653
0.8197859351432204
0.7843813040828649
0.7944791409639785
0.8403150858013887
0.7747350595042862
0.7898741285752543
0.7738103887270777
0.8745175100781278
0.8163830995726212