0.8041409951037254
0.7221373149583054
0.7314964620943356
0.7468612414926672
0.7344663964692881
0.8726629707492566
0.8059411537683475
0.8409387357684529
0.7839002477868512
0.8284350995935394
0.7348813154857146
0.7552275582616063
0.7920769624731644
0.8056761185663371
0.8943587546342044
0.7033394728559991
0.7640221462994725
0.8341717348858534
0.8474437215384141
0.7341832384054623
0.8725646943215254
0.7996271125391424
0.7429697745673858
0.7781222610703574
0.7339101877095355
0.7801715730797478
0.798071340285737
0.6210418289333538
0.6644555359255362
0.817080407174866
0.7531973685073623
0.8197173327203365
0.8139643357811801
0.7970272758892242
0.7903903118404924
0.852820444571733
0.8190494423143146
0.776420221191384
0.7764027427580931
0.9059868153558943
0.8435853887423103