0.7421128196216781
0.6668916154793655
0.6667969481591881
0.6936931393901998
0.6968243968259374
0.7245331249336403
0.8159314698312399
0.7959453791499164
0.6955060522650851
0.7100435552921919
0.7014730562521759
0.6031749396759104
0.7192793404047005
0.6969468285954069
0.6120336025998914
0.6639825044258553
0.6586059754413549
0.7583493212926692
0.6942496474287155
0.6208653914184741
0.7245003106805259
0.7233836378759483
0.6926410650284107
0.6334052674638522
0.6243477588170092
0.6757487333799328
0.7342869889618713
0.6570258971487773
0.6287759198554848
0.7398535088952629
0.7227293162752972
0.7084654915389338
0.6491505393268374
0.7639715844667975
0.7019293312828291
0.7033905406023884
0.7044420435149805
0.7438968178873909
0.6721492454416544
0.7227987882075592
0.6570369884629581