0.7600022642894985
0.6663604997847161
0.6682236849127979
0.7164792955720507
0.6916898655510665
0.7412351255538507
0.7562473677921323
0.7605870218003687
0.7365775789940823
0.7631208132418874
0.6468222557763794
0.6052027979686136
0.690324479590894
0.6913962818455086
0.6340878702241012
0.6445871946542953
0.6637397372491806
0.7542988740693917
0.6856844011828874
0.6377447902174832
0.7553243844823792
0.7215115266822083
0.6730538175269456
0.65089422372775
0.6355207330128941
0.6492065976842778
0.7084016515634408
0.6772851220767956
0.6080263209707331
0.7777288840876483
0.7642884924670931
0.6934114389282847
0.6721134317952255
0.7532085144309785
0.7206951602504276
0.7000724653918814
0.737367733042298
0.7328381912422053
0.6954526561327975
0.722180107986639
0.6784488096003335