0.8251517825550677
0.7246765152157955
0.740823107183026
0.7590260935133107
0.7462863221020791
0.8834232009890108
0.8053276566055356
0.8391879039060316
0.7689247738288528
0.8435302377922597
0.7145697851903143
0.7034975795794733
0.7316975847301078
0.7611515516482216
0.732992230975933
0.7326733786635715
0.7644590486425527
0.799955443677457
0.7847654485694077
0.7004515406738894
0.8057242713916634
0.793535924978665
0.7462523518690213
0.7306634562508248
0.7125262502306392
0.7396383779409968
0.7773511681272252
0.735513375642101
0.6962557574936291
0.7926789988497411
0.7569405229361476
0.8047814546813759
0.7270500427982743
0.7406113968439033
0.7614395183266361
0.7444940878848643
0.7790362127869421
0.7643863349432112
0.7503984811218914
0.8578842572441462
0.7252429200313726