0.7330523040974768
0.6684923454735038
0.6668850410798047
0.7501520257464368
0.6200646952967823
0.540072263793653
0.7007675985722748
0.7337857036898742
0.6949381276204729
0.5928887964231528
0.6601765593861028
0.5878619486723959
0.561079977802044
0.5685637174130004
0.6494106536824302
0.6203016697042262
0.48576460002659955
0.7448473916049109
0.7143545328946619
0.4667373262301427
0.5924019608639021
0.6816263340770399
0.6299464457146813
0.6106443670280172
0.45691955819086366
0.31539219615050246
0.7232743365252378
0.5491960609643202
0.3802996851833045
0.735390054779519
0.467858800258805
0.719178669593806
0.5637554616429519
0.7838405188835231
0.616623913818166
0.628888285111343
0.6482092202811279
0.6999236049782476
0.5828788023127165
0.46331016618735976
0.508288906130618