0.7607479271413813
0.624020148752756
0.6246053642036561
0.6863466611965312
0.6140690138676512
0.6578566932870937
0.7301784480800718
0.7361998004774748
0.7528057212264421
0.6549912610168479
0.5632867387479099
0.45535461535684857
0.5952338148884818
0.5121978784485056
0.5890467552278817
0.5049721292425207
0.5799786724658706
0.7458237280980244
0.6945968879396257
0.5325198135528899
0.617339893119773
0.6457160623543396
0.5409622881574133
0.6643544733459262
0.4433350407550087
0.5199907664300966
0.69100294926424
0.490292987887799
0.44872280885167687
0.6771389679723148
0.6145453867325312
0.7156816143253079
0.55570555606439
0.7844397720019468
0.6279974694664118
0.6745822793293448
0.7131058775402329
0.7373005991151999
0.6413061462867474
0.5885967170647455
0.36955215094768795